0108920008122019021400700000089066472425201902150156A02                                                                                                           
0577099988038620001                                                                                                                                               
0600000000000000000000000000000001001076201110050100000029961600010100000000000000709170000002                                                                    
0600000000000000000000000000000001001077401110050100000007389400010100000000000000709170000003                                                                    
0600000000000000000000000000000001001077301110050100000005574200010100000000000000709170000004                                                                    
0600000000000000000000000000000001001077501110050100000009169600010100000000000000709170000005                                                                    
0600000000000000000000000000000001001077201110050100000014877600010100000000000000709170000006                                                                    
0600000000000000000000000000000001001077601110050100000007501600010100000000000000709170000007                                                                    
0600000000000000000000000000000001001077701110050100000001243500010100000000000000709170000008                                                                    
080000000070000000000757175000001                                                                                                                                 
09000000007000000000075717500                                                                                                                                     