0108920008122019021300700000089066472425201902140200A02                                                                                                           
0577099988038620001                                                                                                                                               
0600000000000000000000000000000001001069601110050100000005821200010100000000000000709170000002                                                                    
0600000000000000000000000000000001001072001110050100000022297000010100000000000000709170000003                                                                    
0600000000000000000000000000000001001071901110050100000022339400010100000000000000709170000004                                                                    
0600000000000000000000000000000001001071801110050100000013574000010100000000000000709170000005                                                                    
0600000000000000000000000000000001001071101110050100000008085200010100000000000000709170000006                                                                    
0600000000000000000000000000000001001071701110050100000000594500010100000000000000709170000007                                                                    
0600000000000000000000000000000001001071001110050100000013630500010100000000000000709170000008                                                                    
0600000000000000000000000000000001001070901110050100000014055600010100000000000000709170000009                                                                    
0600000000000000000000000000000001001070201110050100000176780800010100000000000000709170000010                                                                    
0600000000000000000000000000000001001073101110050100000000089200010100000000000000709170000011                                                                    
0600000000000000000000000000000001001073201110050100000000043700010100000000000000709170000012                                                                    
0600000000000000000000000000000001001073301110050100000000089200010100000000000000709170000013                                                                    
0600000000000000000000000000000001001073401110050100000000089200010100000000000000709170000014                                                                    
0600000000000000000000000000000001001073501110050100000002609900010100000000000000709170000015                                                                    
0600000000000000000000000000000001001073601110050100000000161400010100000000000000709170000016                                                                    
0600000000000000000000000000000001001073801110050100000017879000010100000000000000709170000017                                                                    
0600000000000000000000000000000001001073901110050100000017066800010100000000000000709170000018                                                                    
0600000000000000000000000000000001001074001110050100000000309600010100000000000000709170000019                                                                    
0600000000000000000000000000000001001074101110050100000034117500010100000000000000709170000020                                                                    
0600000000000000000000000000000001001074701110050100000003198100010100000000000000709170000021                                                                    
0600000000000000000000000000000001001074601110050100000003198100010100000000000000709170000022                                                                    
0600000000000000000000000000000001001074801110050100000011847000010100000000000000709170000023                                                                    
080000000220000000003678769000001                                                                                                                                 
09000000022000000000367876900                                                                                                                                     