010000000043923505201404110070100000000141695258201404211604A                                                                                                                                                               
05000004392350500000462590001                                                                                                                                                                                               
060000000000000000000000000000000000000000000000000000000000001201000000000000000000000041856957  042014041100000000000000000000000000000000000114000000          0000000000700990000002D10                                 
060000000000000000000000000000000000000000000000000000000000001202000000000000000000000049753954  042014041100000000000000000000000000000000000114000000          0000000000700990000003D10                                 
060000000000000000000000000000000000000000000000000000000000001203000000000000000000000043975985  042014041100000000000000000000000000000000000114000000          0000000000700990000004D10                                 
060000000000000000000000000000000000000000000000000000000000001205000000000000000000000098756412  042014041100000000000000000000000000000000000114000000          0000000000700990000005D10                                 
060000000000000000000000000000000000000000000000000000000000001206000000000000000000000042943347  042014041100000000000000000000000000000000000114000000          0000000000700990000006D10                                 
060000000000000000000000000000000000000000000000000000000000001207000000000000000000000007012400  042014041100000000000000000000000000000000000124000000          0000000000700990000007D13                                 
060000000000000000000000000000000000000000000000000000000000001208000000000000000000000043968741  042014041100000000000000000000000000000000000124000000          0000000000700990000008D13                                 
060000000000000000000000000000000000000000000000000000000000001209000000000000000000000051624784  042014041100000000000000000000000000000000000124000000          0000000000700990000009D13                                 
060000000000000000000000000000000000000000000000000000000000001201000000000000000000000041856957  042014041100000000000000000000000000000000000114000000          0000000000700990000010D24                                 
060000000000000000000000000000000000000000000000000000000000001202000000000000000000000049753954  042014041100000000000000000000000000000000000124000000          0000000000700990000011D24                                 
060000000000000000000000000000000000000000000000000000000000001203000000000000000000000043975985  042014041100000000000000000000000000000000000114000000          0000000000700990000012D24                                 
060000000000000000000000000000000000000000000000000000000000001205000000000000000000000098756412  042014041100000000000000000000000000000000000114000000          0000000000700990000013D24                                 
080000000120000000000000000000000000000000000000001                                                                                                                                                                         
09000000012000000000000000000000000000000000000                                                                                                                                                                             
